EURUSD=12.12345,12.12346
GBPUSD=12.12345,12.12346
EURJPY=12.12345,12.12346
AUDUSD=12.12345,12.12346
AUDJPY=12.12345,12.12346
EURNOK=12.12345,12.12346
EURGBP=12.12345,12.12346
USDNOK=12.12345,12.12346
EURDKK=12.12345,12.12346
USDDKK=12.12345,12.12346
NZDUSD=12.12345,12.12346